START
0 12.880404842842552 17.023202704846607 21.280652350975874 9.996984768045142 7.892169001774716 13.494243777574717 21.39566480751091 22.01881734091166 11.40212977255841 16.931408305239287 10.729162528683734 10.177836395494143 19.709055514989664 8.234009282508337 10.173328691997115 22.501218849279965 6.434750677822828 12.584932665075298 22.91816110768667 14.683024176782583 5.073950617361084 21.79987046733952 21.030387534444205 11.653688867768203 8.500459257325598 22.616730818777494 8.867664630804986 29.29115522692689 5.0618437013968025 
12.880404842842552 0 20.981924917719052 25.247578414960813 17.421989263215522 14.02074369718763 17.721297705377292 7.003759999954445 25.67465617787998 17.028534229341698 11.327472376872386 7.256655495427253 7.6355409272356365 6.418376179559033 21.685820738624546 6.602533766810653 25.68011329986806 18.587133112629243 16.34805560385223 13.9431203792684 6.692893648081726 14.013108826080963 26.807025656471225 13.447500085726865 15.655951791041645 21.23030338476126 18.88685744680611 21.231429980215726 15.53394039308368 12.484748071926273 
17.023202704846607 20.981924917719052 0 4.352357465722687 22.00270285108649 23.47276862502616 26.954392687763068 25.55902523478811 10.52833881472128 8.574389211628596 31.55083046149544 16.616298120673026 14.914916057735983 21.576686265736463 22.256143967229804 22.85945003956605 9.1889786823905 12.698018325866594 7.549333014253376 23.724011066222864 26.875865179576365 20.84061349128161 6.9868517269620245 25.931962343682073 27.309203078180612 18.44524261357408 19.435860085188573 16.750246412908616 26.055759792041723 13.104089486357088 
21.280652350975874 25.247578414960813 4.352357465722687 0 26.19412069039597 27.96880345014342 27.356981614530262 28.540498961338944 6.798329645543025 9.31176229082106 31.468745365973675 18.057420815910813 18.676137338820652 24.626131733462866 21.51494705098202 24.26511761397602 7.760034267922451 17.600394960232318 14.28952968000586 27.063403700100594 28.417957648258064 23.036742160612242 4.324095497096727 27.907331667294535 28.921101609599827 21.26600758214598 18.230479468749444 17.59521596729955 30.772469607514118 17.764546889499066 
9.996984768045142 17.421989263215522 22.00270285108649 26.19412069039597 0 5.831915295926205 9.046817018909488 22.684802859055385 27.557401780848227 14.73473233441506 20.685850093722514 13.71324846017806 13.622874654849841 22.33281888465472 7.958663815662684 10.30353935147375 28.127088228669553 13.163780969901815 14.241810503564317 26.76992677873998 16.807836801911204 4.563065537361655 27.884576096353953 27.348071052489445 5.306509400520178 10.84107674266456 28.93745079611716 13.49921587121115 30.688899904850928 10.862180191074922 
7.892169001774716 14.02074369718763 23.47276862502616 27.96880345014342 5.831915295926205 0 6.503185437159268 22.343049172715585 28.601046171069644 18.51561352945852 16.327913240828625 15.56311507244884 14.785508062432333 19.356742497650785 11.543805042143482 11.828476823495192 28.733719299796334 12.924963738810971 14.503129081169845 28.503323130240148 17.177494881381023 7.323332620945363 26.71431708103559 25.123739903728293 6.4239188093954915 14.71505476022318 28.69448174182751 13.352259196137888 31.60941064356166 12.295166461638003 
13.494243777574717 17.721297705377292 26.954392687763068 27.356981614530262 9.046817018909488 6.503185437159268 0 19.55029244701037 33.14328946863743 18.470929231096832 12.966527781169319 16.545070985966944 14.789196244183188 21.68699847395621 15.562982573220975 10.669238332074347 29.378277182268697 15.435367312307761 17.957420877387186 27.766730181720103 16.43093641187313 8.232616086523846 29.835358110297697 27.718984502625254 5.66273376590559 15.870670243742978 31.288603551445053 17.57906834131981 28.94630220410927 13.743159948530867 
21.39566480751091 7.003759999954445 25.55902523478811 28.540498961338944 22.684802859055385 22.343049172715585 19.55029244701037 0 24.470347745681284 19.6166975308211 14.7598046512134 14.133411153592313 14.156889698489652 6.77308423134928 26.518667620448507 15.054834303925244 26.21688205649951 22.726534505305676 19.405144603620812 9.871247295888157 8.772946561380888 19.622058236870917 30.658372546050504 8.016936756673076 21.81197573839563 29.877771675342174 18.159100316332992 26.56864444781635 10.620616503881015 15.428734695947238 
22.01881734091166 25.67465617787998 10.52833881472128 6.798329645543025 27.557401780848227 28.601046171069644 33.14328946863743 24.470347745681284 0 13.777654488833223 30.85539113844556 18.573976897952853 17.154527698597768 24.431276908652702 25.303248430991996 27.332907251160574 4.399112674961332 18.12193160452741 12.614969549481353 24.250472257207093 29.46052423673615 26.70426701690769 11.047550067647517 24.580012679438987 29.568778170209868 25.293558722142023 13.38968477546241 21.186852540356934 21.574788248278814 18.893227656188028 
11.40212977255841 17.028534229341698 8.574389211628596 9.31176229082106 14.73473233441506 18.51561352945852 18.470929231096832 19.6166975308211 13.777654488833223 0 24.29509432633135 11.877385978823733 10.899022580561299 17.921587681433888 14.639737086659913 17.47610361645585 12.54553899111915 11.317624831347533 5.609075710729013 22.845923517993707 17.98261394334675 14.095496840993702 14.566878823970658 23.83976094123849 18.92398814130154 16.154693323688146 19.206076861855593 12.464268040505532 26.943190449818466 7.694535044504294 
16.931408305239287 11.327472376872386 31.55083046149544 31.468745365973675 20.685850093722514 16.327913240828625 12.966527781169319 14.7598046512134 30.85539113844556 24.29509432633135 0 17.710625093076434 16.824075642254382 15.980764239134697 26.653857747188756 12.727118609567775 36.133884463312775 26.1126486791387 24.10685436462981 16.529233379739484 8.756968535979428 14.206787758844834 37.88627163032734 18.267966855975907 17.757918469423 26.105936848633444 24.64784441293251 28.096031176726967 22.989146308546715 17.12969931507093 
10.729162528683734 7.256655495427253 16.616298120673026 18.057420815910813 13.71324846017806 15.56311507244884 16.545070985966944 14.133411153592313 18.573976897952853 11.877385978823733 17.710625093076434 0 2.5353749561957803 11.582396191463886 19.481240565308912 6.090981718934285 20.05327272329066 15.383165354560408 12.611298339892514 14.849211174513373 12.184916898837587 12.127582317483853 21.997110088487737 15.02795096512132 17.153678184555663 18.368056830442985 16.71043108492791 17.59329826234987 20.03245268930278 4.66073941956335 
10.177836395494143 7.6355409272356365 14.914916057735983 18.676137338820652 13.622874654849841 14.785508062432333 14.789196244183188 14.156889698489652 17.154527698597768 10.899022580561299 16.824075642254382 2.5353749561957803 0 13.855201646099294 15.680632397832706 10.997879482113326 20.5763528202315 15.14533985938702 10.551117867434684 16.515701456943138 10.988075963579936 10.127892118602672 22.592094265774943 18.128883482896192 15.911983584039048 19.118492577268867 17.471971778928964 15.40814137836063 20.1314146349496 4.021473963718144 
19.709055514989664 6.418376179559033 21.576686265736463 24.626131733462866 22.33281888465472 19.356742497650785 21.68699847395621 6.77308423134928 24.431276908652702 17.921587681433888 15.980764239134697 11.582396191463886 13.855201646099294 0 27.759037612057245 16.09525570213129 27.97774662926129 25.079535251901657 17.89614976970034 5.848765148537378 10.10888960839695 17.426546540990635 26.46292751496915 6.220838254638131 25.54416738032153 26.530303759711295 15.838132527584659 25.488647326008998 12.110464916168207 12.634795676890711 
8.234009282508337 21.685820738624546 22.256143967229804 21.51494705098202 7.958663815662684 11.543805042143482 15.562982573220975 26.518667620448507 25.303248430991996 14.639737086659913 26.653857747188756 19.481240565308912 15.680632397832706 27.759037612057245 0 17.19798386240318 28.97481818916972 9.56198624812565 14.017346530881225 31.454446879225074 25.040779986858492 10.289943319448058 26.02058777976956 32.685934515691784 14.305985172696353 4.231205242447548 33.21257333191009 8.586056028519653 35.39791777455089 12.391330630635002 
10.173328691997115 6.602533766810653 22.85945003956605 24.26511761397602 10.30353935147375 11.828476823495192 10.669238332074347 15.054834303925244 27.332907251160574 17.47610361645585 12.727118609567775 6.090981718934285 10.997879482113326 16.09525570213129 17.19798386240318 0 27.070425287388744 12.820771235839853 15.041625396371087 18.170771093732387 9.771984270677164 8.420502228938775 26.041317384184925 19.49372907568603 13.708816283280257 17.69048789233198 22.63936141875015 17.39592509257809 24.320660908914867 10.989741909241202 
22.501218849279965 25.68011329986806 9.1889786823905 7.760034267922451 28.127088228669553 28.733719299796334 29.378277182268697 26.21688205649951 4.399112674961332 12.54553899111915 36.133884463312775 20.05327272329066 20.5763528202315 27.97774662926129 28.97481818916972 27.070425287388744 0 17.605526221600822 15.847595623011152 29.441720724178268 27.990305449929537 24.2184429535348 6.155275187612871 27.355493047540314 32.15304586196488 24.220634858931742 17.32139425446603 24.20730655542938 27.373884652595923 17.765489147041677 
6.434750677822828 18.587133112629243 12.698018325866594 17.600394960232318 13.163780969901815 12.924963738810971 15.435367312307761 22.726534505305676 18.12193160452741 11.317624831347533 26.1126486791387 15.383165354560408 15.14533985938702 25.079535251901657 9.56198624812565 12.820771235839853 17.605526221600822 0 7.790803789023086 29.052614569005474 20.824025987769055 10.092362107103707 18.71564669939418 26.295182748605626 17.677825678055065 8.97249837418346 23.520282265939485 6.9579762461291 32.27866720919155 12.701094404974118 
12.584932665075298 16.34805560385223 7.549333014253376 14.28952968000586 14.241810503564317 14.503129081169845 17.957420877387186 19.405144603620812 12.614969549481353 5.609075710729013 24.10685436462981 12.611298339892514 10.551117867434684 17.89614976970034 14.017346530881225 15.041625396371087 15.847595623011152 7.790803789023086 0 23.854104700636466 18.884505556398793 15.198560499006703 13.761315020003105 18.22530351110546 19.12744183128913 15.13458875091256 16.731938094135902 12.562641722510211 25.191397747991147 6.532430226184716 
22.91816110768667 13.9431203792684 23.724011066222864 27.063403700100594 26.76992677873998 28.503323130240148 27.766730181720103 9.871247295888157 24.250472257207093 22.845923517993707 16.529233379739484 14.849211174513373 16.515701456943138 5.848765148537378 31.454446879225074 18.170771093732387 29.441720724178268 29.052614569005474 23.854104700636466 0 15.144568326253676 24.277960791158257 34.23907442849885 4.9683671417979784 30.98277082765485 33.00698362232562 14.735222128774454 30.21938453193637 10.72109966884675 19.846836494670594 
14.683024176782583 6.692893648081726 26.875865179576365 28.417957648258064 16.807836801911204 17.177494881381023 16.43093641187313 8.772946561380888 29.46052423673615 17.98261394334675 8.756968535979428 12.184916898837587 10.988075963579936 10.10888960839695 25.040779986858492 9.771984270677164 27.990305449929537 20.824025987769055 18.884505556398793 15.144568326253676 0 11.473912084866981 32.55521223753157 10.86053510363082 17.824454203899485 22.37062143787463 21.05597582552507 22.017579499589594 20.227786654584136 12.047340535577773 
5.073950617361084 14.013108826080963 20.84061349128161 23.036742160612242 4.563065537361655 7.323332620945363 8.232616086523846 19.622058236870917 26.70426701690769 14.095496840993702 14.206787758844834 12.127582317483853 10.127892118602672 17.426546540990635 10.289943319448058 8.420502228938775 24.2184429535348 10.092362107103707 15.198560499006703 24.277960791158257 11.473912084866981 0 23.751153295730024 24.36583801821064 8.940443769172687 15.586662522465742 24.161743885019973 13.16218471791129 27.44397376492118 9.085823969282558 
21.79987046733952 26.807025656471225 6.9868517269620245 4.324095497096727 27.884576096353953 26.71431708103559 29.835358110297697 30.658372546050504 11.047550067647517 14.566878823970658 37.88627163032734 21.997110088487737 22.592094265774943 26.46292751496915 26.02058777976956 26.041317384184925 6.155275187612871 18.71564669939418 13.761315020003105 34.23907442849885 32.55521223753157 23.751153295730024 0 32.777336216954126 32.46376476813357 21.250719171870003 23.821803137305505 19.913532311206065 33.98981054714179 20.558922907184556 
21.030387534444205 13.447500085726865 25.931962343682073 27.907331667294535 27.348071052489445 25.123739903728293 27.718984502625254 8.016936756673076 24.580012679438987 23.83976094123849 18.267966855975907 15.02795096512132 18.128883482896192 6.220838254638131 32.685934515691784 19.49372907568603 27.355493047540314 26.295182748605626 18.22530351110546 4.9683671417979784 10.86053510363082 24.36583801821064 32.777336216954126 0 28.171826564579725 32.25210679891746 11.802115459977147 30.19158136769458 7.895917133408513 19.824944509474065 
11.653688867768203 15.655951791041645 27.309203078180612 28.921101609599827 5.306509400520178 6.4239188093954915 5.66273376590559 21.81197573839563 29.568778170209868 18.92398814130154 17.757918469423 17.153678184555663 15.911983584039048 25.54416738032153 14.305985172696353 13.708816283280257 32.15304586196488 17.677825678055065 19.12744183128913 30.98277082765485 17.824454203899485 8.940443769172687 32.46376476813357 28.171826564579725 0 14.818514602695402 30.114111488392357 14.501354384788703 33.911754177617894 14.92515063885551 
8.500459257325598 21.23030338476126 18.44524261357408 21.26600758214598 10.84107674266456 14.71505476022318 15.870670243742978 29.877771675342174 25.293558722142023 16.154693323688146 26.105936848633444 18.368056830442985 19.118492577268867 26.530303759711295 4.231205242447548 17.69048789233198 24.220634858931742 8.97249837418346 15.13458875091256 33.00698362232562 22.37062143787463 15.586662522465742 21.250719171870003 32.25210679891746 14.818514602695402 0 29.140914751093565 6.23489785654318 36.179616902573905 13.427142776229772 
22.616730818777494 18.88685744680611 19.435860085188573 18.230479468749444 28.93745079611716 28.69448174182751 31.288603551445053 18.159100316332992 13.38968477546241 19.206076861855593 24.64784441293251 16.71043108492791 17.471971778928964 15.838132527584659 33.21257333191009 22.63936141875015 17.32139425446603 23.520282265939485 16.731938094135902 14.735222128774454 21.05597582552507 24.161743885019973 23.821803137305505 11.802115459977147 30.114111488392357 29.140914751093565 0 26.224295286914437 12.382131575665133 20.32339249131465 
8.867664630804986 21.231429980215726 16.750246412908616 17.59521596729955 13.49921587121115 13.352259196137888 17.57906834131981 26.56864444781635 21.186852540356934 12.464268040505532 28.096031176726967 17.59329826234987 15.40814137836063 25.488647326008998 8.586056028519653 17.39592509257809 24.20730655542938 6.9579762461291 12.562641722510211 30.21938453193637 22.017579499589594 13.16218471791129 19.913532311206065 30.19158136769458 14.501354384788703 6.23489785654318 26.224295286914437 0 31.261916457773406 13.00224576890663 
29.29115522692689 15.53394039308368 26.055759792041723 30.772469607514118 30.688899904850928 31.60941064356166 28.94630220410927 10.620616503881015 21.574788248278814 26.943190449818466 22.989146308546715 20.03245268930278 20.1314146349496 12.110464916168207 35.39791777455089 24.320660908914867 27.373884652595923 32.27866720919155 25.191397747991147 10.72109966884675 20.227786654584136 27.44397376492118 33.98981054714179 7.895917133408513 33.911754177617894 36.179616902573905 12.382131575665133 31.261916457773406 0 25.25065665381424 
5.0618437013968025 12.484748071926273 13.104089486357088 17.764546889499066 10.862180191074922 12.295166461638003 13.743159948530867 15.428734695947238 18.893227656188028 7.694535044504294 17.12969931507093 4.66073941956335 4.021473963718144 12.634795676890711 12.391330630635002 10.989741909241202 17.765489147041677 12.701094404974118 6.532430226184716 19.846836494670594 12.047340535577773 9.085823969282558 20.558922907184556 19.824944509474065 14.92515063885551 13.427142776229772 20.32339249131465 13.00224576890663 25.25065665381424 0 
FINE